72.813
75.644
65.618
69.960
70.924
52.182
66.286
60.895
41.306
19.156
16.580
41.136
55.025
58.271
66.142
71.948
75.078
72.975
75.358
39.523
29.171
4.873
29.341
48.766
82.145
97.795
89.599
63.349
56.898
50.523
55.751
70.790
66.188
73.120
75.550
60.484
65.637
73.423
78.037
56.448
35.835
31.926
53.846
52.856
61.874
42.405
44.305
50.069
96.805
77.818
83.594
67.848
75.320
67.226
68.888
63.044
81.173
71.098
80.940
60.647
56.714
36.854
50.163
79.569
85.009
70.215
38.659
35.968
23.946
25.689
42.153
79.475
126.256
104.133
93.441
70.412
64.603
62.496
62.650
65.000
56.058
34.634
15.021
37.657
56.010
59.497
54.571
67.420
74.348
60.846
69.695
92.207
98.243
93.114
90.666
95.228
89.792
81.427
75.265
51.421
55.992
38.916
35.879
58.817
85.450
107.631
84.676
48.034
32.793
44.544
61.814
82.381
73.382
69.429
45.632
53.274
57.683
54.053
48.398
48.367
52.670
82.635
82.554
70.653
24.011
12.480
26.158
43.431
76.050
76.497
90.234
76.889
68.793
56.725
55.918
82.961
50.462
13.873
4.252
36.198
73.150
85.020
70.657
72.680
82.732
83.218
83.610
75.194
59.740
61.689
63.945
66.735
82.585
43.989
17.165
1.816
27.470
49.118
40.278
28.976
24.681
78.758
118.055
103.723
63.237
27.017
7.103
22.563
32.611
51.433
34.697
30.512
41.742
64.590
77.539
53.081
57.637
47.828
65.357
63.929
45.848
37.173
49.229
73.001
73.399
87.050
93.129
80.448
72.646
90.935
117.170
83.203
41.424
50.808
52.705
41.049
28.645
48.615
63.793
57.705
43.032
35.149
32.908
77.871
92.245
99.172
67.175
52.325
38.704
8.600
-0.558
-3.320
-1.474
7.573
54.147
77.632
97.664
86.361
84.765
57.280
57.197
67.221
65.117
67.227
70.200
63.198
40.774
21.766
35.326
59.171
59.323
56.712
63.066
77.122
96.765
104.501
73.287
76.264
60.949
78.018
70.092
61.489
27.603
27.455
20.636
55.194
88.451
82.091
68.477
44.023
39.662
56.532
66.452
93.875
78.073
80.617
67.930
76.977
63.367
57.567
52.229
44.828
57.962
72.865
84.752
96.907
104.977
83.541
67.208
46.592
50.362
45.989
76.310
84.542
76.575
76.439
39.352
8.623
25.054
56.689
78.634
51.412
44.089
76.499
99.857
92.908
61.342
43.686
15.905
30.787
60.914
56.331
41.647
22.301
25.057
42.182
28.211
46.403
66.401
75.602
31.126
9.148
42.343
32.304
35.117
20.037
55.180
57.966
68.314
70.893
97.393
86.846
75.915
37.780
54.952
51.749
52.836
48.319
32.858
43.625
66.801
82.603
52.733
38.526
53.349
42.593
28.792
44.355
68.887
82.214
97.998
94.318
88.339
107.322
93.493
63.310
47.599
59.130
61.187
43.457
74.935
87.810
74.789
65.664
60.142
60.122
63.797
46.265
52.154
82.154
96.773
78.642
49.026
38.497
43.984
49.160
68.995
47.190
57.942
52.466
67.792
48.202
67.033
87.053
102.490
61.955
54.961
59.340
47.472
42.889
51.665
73.968
76.804
72.487
85.246
97.957
45.738
23.057
24.933
29.942
42.928
70.061
66.377
64.256
42.346
38.904
65.566
68.772
74.532
35.745
62.871
78.400
82.572
72.561
42.730
59.391
59.035
63.268
49.345
42.587
58.394
70.110
81.091
72.077
71.100
58.621
88.503
63.421
74.114
82.050
73.837
91.382
94.526
102.419
79.048
58.962
48.435
57.574
83.649
86.378
61.304
58.305
73.137
88.066
88.139
69.553
45.087
28.888
15.227
35.920
53.538
60.645
15.881
-0.560
36.135
61.259
75.083
44.618
64.286
66.063
75.070
97.590
114.183
93.536
55.139
36.535
52.530
63.165
60.016
76.460
74.887
103.573
90.754
102.300
85.781
87.105
60.652
40.529
45.624
72.418
80.528
52.665
21.923
7.713
4.929
31.549
71.191
84.333
42.201
25.968
33.818
88.287
72.532
54.823
65.575
83.443
89.780
72.977
66.879
72.964
59.455
66.827
44.174
52.259
56.374
57.156
55.212
46.325
36.372
36.735
32.570
50.289
43.201
61.016
46.438
43.393
35.456
67.147
81.249
75.689
67.441
31.629
32.566
70.789
91.437
84.121
69.511
75.986
45.041
14.346
21.913
39.870
77.827
74.227
41.181
12.380
-14.820
11.288
39.521
59.487
77.456
92.342
83.652
35.553
34.038
55.609
79.466
87.953
59.648
78.654
61.232
72.567
37.592
27.421
55.406
71.279
86.087
74.963
66.271
77.770
71.934
41.028
20.507
40.190
69.048
53.509
34.985
28.507
41.633
35.068
33.879
33.272
59.809
81.202
79.290
60.308
52.984
44.291
33.485
25.554
30.719
31.148
46.785
68.309
52.924
47.819
44.181
62.441
65.893
43.727
22.343
30.987
67.099
48.238
47.970
64.308
77.433
79.117
55.908
50.353
27.622
2.994
30.509
43.958
55.733
32.505
18.895
29.300
39.730
60.432
71.415
77.020
72.825
87.395
66.054
55.511
63.956
90.911
67.337
45.999
59.832
81.240
83.394
64.258
49.814
54.208
56.483
59.570
59.840
51.429
59.635
104.176
79.600
64.603
34.518
55.340
63.524
78.615
89.425
84.386
86.529
39.469
55.938
65.298
94.102
63.166
38.214
37.302
53.581
68.509
83.002
52.840
58.096
56.935
64.587
38.234
45.188
20.244
43.026
31.691
49.780
52.120
78.701
75.752
58.237
40.424
63.194
81.438
74.818
56.231
27.976
40.199
28.262
53.652
62.374
105.718
80.984
62.045
71.123
96.116
81.176
62.181
52.080
62.197
54.036
52.092
30.280
39.983
57.445
67.556
41.551
51.161
65.132
64.777
51.901
27.776
21.898
28.054
66.179
69.466
75.501
56.699
59.542
56.242
72.380
63.897
37.413
13.497
19.819
26.803
51.513
55.485
96.101
66.809
58.768
29.832
35.974
48.128
27.731
36.970
74.562
85.204
78.106
73.705
69.489
55.993
16.229
31.468
49.637
54.363
53.074
46.597
46.712
59.014
46.543
64.040
44.691
40.883
68.824
98.145
95.913
57.062
34.713
41.236
57.162
63.417
61.615
56.594
36.090
31.337
55.268
51.723
50.816
36.480
49.379
52.132
79.948
86.933
61.051
54.486
43.429
45.681
52.400
54.008
71.339
59.030
48.388
35.616
37.382
65.061
83.145
105.581
121.708
86.628
59.541
27.287
27.522
31.510
33.377
30.528
39.680
36.380
59.257
52.620
97.941
86.597
77.623
36.059
61.764
87.456
95.451
55.056
42.761
31.135
67.295
85.939
87.337
33.672
9.497
33.366
81.505
106.090
66.631
49.337
60.261
50.291
47.883
50.632
59.660
34.651
29.068
36.335
54.088
52.908
48.344
50.582
63.705
63.562
55.357
53.419
29.846
42.336
52.634
67.802
78.746
46.320
12.201
19.662
48.477
71.765
62.676
66.571
78.273
84.813
70.257
27.560
36.662
69.633
95.730
70.919
61.735
69.949
97.587
76.160
55.603
55.992
65.752
51.791
51.965
64.070
73.465
71.220
59.555
77.763
64.007
50.876
43.537
66.299
52.481
30.288
0.682
22.402
33.060
47.620
62.459
60.640
63.087
54.523
67.091
74.223
62.474
51.751
65.266
77.920
55.253
53.406
39.579
70.837
87.687
91.269
74.811
57.414
63.766
60.160
63.712
72.778
65.215
50.569
28.554
22.140
11.286
41.277
87.293
118.098
75.315
56.789
69.704
75.099
68.184
27.285
34.321
31.942
53.861
37.038
51.481
72.198
69.811
44.120
5.924
15.825
33.367
34.803
48.421
51.555
46.080
37.260
60.360
81.300
78.840
73.077
47.856
46.983
52.015
56.171
63.804
52.250
60.818
69.125
30.269
42.650
8.062
21.675
47.321
69.504
50.707
24.679
46.893
39.260
63.660
62.567
52.877
36.968
26.927
54.976
78.212
56.796
38.823
26.173
63.351
55.512
79.402
71.988
55.224
33.718
27.230
25.863
41.681
38.185
17.750
19.010
14.464
27.834
29.675
35.264
75.896
86.152
84.603
38.225
23.849
37.298
44.877
66.658
50.757
48.777
38.992
52.492
51.091
51.599
49.759
45.311
57.012
66.003
68.069
56.028
64.175
63.222
59.341
55.683
82.519
65.226
67.241
30.468
41.176
71.189
92.780
86.032
57.402
49.426
48.954
45.368
44.845
54.122
51.576
42.343
24.748
41.751
65.396
78.931
85.440
76.066
72.347
67.578
63.195
52.043
82.680
78.974
62.910
51.995
60.139
46.703
60.538
62.703
53.076
62.894
75.391
60.861
74.368
81.228
82.348
87.857
80.073
71.329
48.301
55.241
68.024
72.563
54.055
50.124
52.890
41.566
22.098
38.428
20.980
37.687
39.781
78.246
72.756
75.889
58.630
59.051
67.866
63.826
74.531
54.956
57.619
68.485
84.075
105.380
79.581
41.693
15.267
40.595
70.682
79.875
53.054
55.468
41.645
66.676
109.044
115.077
97.103
57.802
22.938
17.708
20.756
23.801
63.138
81.625
88.754
64.974
52.878
65.824
70.279
75.945
64.005
54.799
31.964
8.651
18.854
45.062
47.558
49.654
52.987
31.433
20.697
37.504
67.256
58.819
53.768
67.348
86.526
79.451
57.587
40.218
51.505
64.418
78.128
74.030
78.127
71.775
77.046
81.972
64.475
28.004
47.975
68.969
55.294
31.932
45.844
61.329
59.852
73.765
59.713
45.967
43.147
60.951
76.834
85.971
79.500
75.202
61.404
58.181
58.413
64.368
75.468
80.602
74.075
51.747
47.396
51.986
63.711
96.529
85.369
76.516
73.229
74.385
101.993
85.380
75.492
45.372
41.298
50.838
73.877
81.173
91.032
77.157
61.049
89.992
96.736
76.361
40.574
24.585
52.575
62.616
69.045
60.366
70.034
57.023
38.771
41.018
62.892
78.068
61.238
61.417
49.987
47.315
34.168
62.293
81.809
91.396
92.589
119.182
79.874
44.129
19.691
27.948
30.897
39.396
34.564
50.539
59.705
74.001
77.217
79.726
65.756
88.064
86.829
51.988
19.437
1.414
28.841
50.876
59.621
87.708
93.619
94.742
58.834
33.164
34.989
54.089
39.696
37.523
44.247
58.114
50.208
41.923
44.408
56.244
71.662
87.267
76.486
57.112
54.442
68.249
66.069
71.491
80.466
97.204
110.391
79.280
57.565
46.580
54.506
50.178
30.459
36.796
39.891
55.623
48.208
36.756
43.902
58.264
75.954
103.971
99.052
86.733
48.257
24.039
53.057
58.540
49.938
40.491
49.017
47.763
46.044
68.120
64.669
41.540
48.079
67.475
68.195
35.734
21.532
35.356
73.398
66.684
58.051
59.757
32.746
49.060
38.557
59.312
62.725
83.431
86.546
41.751
18.159
28.490
54.037
72.314
81.249
84.712
70.955
32.856
23.110
43.180
49.399
63.641
76.074
80.659
26.071
-1.239
42.336
71.124
48.923
50.575
59.145
87.891
82.521
78.536
71.074
75.147
102.825
108.924
66.674
47.331
62.236
94.206
82.081
80.124
81.426
115.292
89.851
59.374
35.814
38.506
38.382
7.229
11.936
40.764
61.565
92.840
86.368
94.471
78.984
81.016
73.537
86.503
79.063
76.391
69.365
61.283
62.858
93.839
89.395
80.230
77.926
91.500
83.586
32.447
30.287
12.299
57.552
70.731
93.633
65.443
31.322
31.877
49.024
58.444
59.231
98.716
111.277
109.460
89.300
92.911
77.606
34.827
22.952
49.067
58.243
56.936
42.060
70.752
87.465
93.981
83.871
69.037
62.863
41.899
12.099
22.532
51.157
89.634
108.707
115.481
76.801
47.501
46.359
96.209
121.687
118.473
77.644
41.819
47.925
44.153
49.708
48.725
80.791
78.408
34.621
29.503
34.054
58.018
59.803
58.210
68.577
47.020
38.496
50.261
57.181
38.008
44.861
72.657
83.299
43.823
41.609
26.849
49.040
42.422
36.986
34.246
44.253
48.582
62.715
59.339
74.704
74.777
61.437
39.407
16.499
34.352
48.754
29.220
22.222
22.583
70.276
56.903
33.908
43.500
82.450
81.363
55.267
51.496
26.446
7.427
13.721
66.957
81.160
75.591
74.943
103.407
88.356
66.955
75.726
57.456
67.925
45.612
54.189
50.601
44.379
32.800
44.201
72.588
78.241
70.466
67.189
51.737
60.933
73.395
114.960
97.829
67.121
55.331
71.669
68.699
54.223
56.247
50.656
48.276
50.153
73.071
68.046
35.035
1.424
-0.615
11.962
38.270
39.672
40.021
34.620
40.689
70.851
88.153
83.320
58.820
43.639
51.933
69.379
59.815
54.448
23.167
35.213
59.398
72.242
93.682
70.560
63.950
52.341
56.742
57.070
59.885
73.433
92.990
85.985
81.425
56.842
63.627
51.416
70.720
101.085
97.478
44.287
15.956
46.423
81.766
87.888
85.097
79.904
88.806
90.700
100.880
89.611
85.368
65.295
49.286
70.486
79.935
89.511
74.279
56.061
49.757
73.650
87.900
56.197
36.840
64.907
79.283
49.571
61.156
77.940
84.681
61.040
66.519
60.807
77.532
78.967
79.063
68.615
58.338
71.205
59.200
33.192
38.969
63.762
84.274
81.812
64.456
67.379
64.783
57.645
48.084
79.781
60.599
61.505
27.505
37.520
40.596
26.369
38.274
46.121
32.304
45.486
77.291
111.625
101.234
75.436
75.954
96.523
107.376
73.382
53.805
54.637
38.490
46.843
85.287
106.148
111.687
85.304
66.159
59.458
48.165
36.781
58.631
90.429
78.158
72.965
60.095
68.079
70.057
82.340
77.821
88.064
81.675
81.501
55.867
80.775
86.883
93.500
49.103
26.907
49.591
74.633
51.424
53.613
48.968
81.916
76.550
73.519
77.715
61.784
41.436
34.386
59.935
53.513
28.476
39.327
49.613
57.639
27.621
22.730
37.210
72.067
67.989
84.674
66.204
52.550
65.651
76.307
68.650
52.250
69.973
97.265
80.456
59.275
49.150
42.870
47.088
52.770
78.096
95.817
82.172
60.558
59.252
55.200
65.788
62.500
49.601
32.524
59.413
71.302
97.166
75.432
68.052
90.728
76.366
36.767
40.676
46.360
61.938
48.992
56.465
46.448
48.068
57.819
51.747
42.352
38.312
29.930
34.846
48.072
56.654
56.376
55.270
48.972
62.010
86.027
79.984
72.906
56.397
62.296
84.588
91.511
54.064
43.605
64.955
77.132
84.668
61.407
34.370
33.880
23.604
37.105
65.982
52.599
30.681
12.865
34.722
50.963
81.518
94.632
93.176
75.135
66.713
49.474
61.258
47.860
64.386
80.648
86.615
70.791
62.325
18.942
26.886
39.636
64.182
75.533
70.913
48.588
40.576
48.253
62.783
67.911
80.002
60.021
55.315
70.249
53.043
50.808
39.286
47.718
40.178
44.657
79.410
68.602
43.617
13.934
55.218
69.632
73.435
52.846
38.592
39.758
85.516
114.698
89.884
66.900
42.060
23.204
43.454
77.715
104.051
80.984
57.324
59.195
71.003
66.149
34.800
34.717
63.284
61.569
66.148
64.224
79.574
86.212
67.035
31.967
21.195
50.884
63.731
55.838
22.329
54.152
82.642
101.275
94.159
84.125
66.977
54.211
45.801
89.188
101.432
83.756
62.551
41.195
68.092
62.913
71.704
77.467
82.565
74.690
62.285
56.662
48.958
44.793
71.013
76.555
61.520
40.746
59.579
80.620
88.986
70.343
66.307
52.847
50.196
64.832
84.052
67.458
41.355
38.849
77.838
59.841
55.019
27.389
32.779
37.710
47.412
48.547
53.192
50.558
33.894
48.731
71.303
92.333
58.596
48.568
57.654
55.940
54.205
50.584
85.093
113.882
78.358
86.328
60.254
77.109
78.650
64.068
60.325
54.354
68.977
71.038
85.099
78.736
66.596
71.295
78.757
86.285
64.066
38.703
28.862
33.664
61.226
84.595
81.413
87.469
95.115
90.399
59.527
68.083
69.237
72.954
56.332
41.157
22.755
42.245
48.229
103.611
84.072
52.715
38.242
73.337
87.464
84.966
40.438
25.413
17.805
13.973
32.984
20.091
18.084
22.133
35.192
57.633
69.545
84.366
87.387
92.941
78.921
69.609
67.094
68.023
59.072
49.846
39.258
52.288
59.566
55.397
42.819
28.371
53.183
67.681
60.920
63.105
54.918
38.601
51.760
55.032
57.981
53.504
73.781
77.354
53.518
50.479
48.123
85.502
84.335
43.945
32.810
70.736
113.633
128.679
82.066
66.489
44.791
55.650
38.857
35.766
32.810
60.915
82.757
86.242
52.035
36.433
30.758
60.242
86.895
102.154
74.371
15.422
-14.481
31.602
64.858
66.161
76.257
93.857
90.905
65.446
49.207
54.403
84.154
91.158
89.961
87.699
60.092
60.358
52.864
24.328
-6.238
-3.536
41.151
70.924
78.459
95.922
69.153
56.074
50.023
50.242
54.326
32.793
59.740
58.466
94.356
84.104
89.731
70.391
62.371
47.440
51.120
61.283
55.467
51.866
43.441
84.227
87.233
101.554
76.156
68.321
38.502
33.956
45.515
84.149
90.991
98.178
87.754
98.468
82.047
101.886
80.219
57.005
23.607
66.017
94.534
89.602
81.129
78.789
103.549
67.895
47.281
32.011
19.993
47.306
58.417
80.660
106.058
92.881
66.373
47.646
66.350
65.531
52.667
61.606
73.547
45.625
18.182
46.421
77.789
73.198
53.785
49.143
67.795
52.057
36.759
41.202
55.947
73.118
52.714
53.668
69.970
85.144
79.494
63.375
44.255
44.165
69.895
76.763
58.446
39.352
46.338
53.754
66.698
73.608
84.790
96.883
99.206
68.454
37.284
33.281
42.966
40.013
38.595
40.610
43.486
46.490
70.447
79.321
110.350
97.604
74.886
51.958
54.637
67.564
98.797
80.446
76.580
63.691
42.647
50.120
74.967
72.816
61.190
26.376
15.787
44.889
61.328
52.961
48.216
46.378
49.489
62.760
51.332
39.078
41.252
69.370
95.992
78.489
73.731
51.794
79.674
61.458
78.047
58.624
88.664
90.136
68.338
41.079
50.792
79.944
82.505
69.919
68.545
69.298
48.132
30.727
40.336
75.423
106.402
106.499
86.458
75.060
56.122
50.532
38.504
29.067
42.958
60.056
79.692
82.498
76.772
73.822
65.958
67.391
53.080
57.471
68.233
62.869
58.153
45.498
43.532
32.675
60.389
86.471
96.288
105.956
84.942
111.852
91.006
79.615
50.321
55.157
71.623
73.268
91.743
85.548
79.212
49.322
51.130
54.056
53.434
41.488
83.595
87.749
59.589
26.750
32.713
61.713
80.055
85.854
64.999
59.241
43.722
40.489
32.099
27.008
55.103
79.121
97.017
81.909
76.998
41.138
51.005
58.301
79.418
78.440
55.754
26.084
18.919
46.504
76.702
60.678
35.716
23.685
36.626
33.851
23.406
21.895
42.562
43.589
49.178
67.884
57.212
50.564
61.407
65.888
56.701
66.032
65.629
81.893
79.038
68.199
63.770
65.329
81.505
68.567
60.322
52.888
67.678
54.902
67.106
72.034
55.552
63.618
96.149
114.656
113.125
83.966
40.479
4.242
20.614
41.855
48.496
48.787
63.429
49.551
41.226
64.274
62.419
73.596
56.916
66.756
79.235
89.591
91.926
59.373
63.321
49.498
59.796
61.290
72.765
74.715
56.238
30.380
45.469
63.947
90.156
80.002
47.642
51.303
53.394
68.745
54.955
77.689
64.530
56.632
49.023
41.068
51.984
80.772
79.896
74.238
19.912
21.419
31.996
47.432
69.240
67.488
64.054
50.001
24.307
14.552
44.515
38.248
35.140
30.746
75.641
97.059
80.925
76.823
57.439
71.601
46.933
63.800
57.659
48.664
40.839
52.320
56.801
66.832
56.836
65.900
70.339
70.122
56.549
54.178
65.090
98.889
107.355
102.932
120.859
110.194
92.619
72.941
49.887
40.687
36.261
59.060
65.538
68.180
77.390
87.599
77.664
53.200
61.943
78.446
57.224
40.333
42.521
70.525
88.866
85.366
78.844
67.632
52.167
45.074
49.829
58.454
35.027
30.005
40.988
56.568
58.624
64.580
50.180
26.571
24.260
54.092
96.885
106.462
64.838
38.755
42.227
62.476
75.802
58.108
52.722
58.139
77.907
64.896
51.063
7.989
10.084
24.284
39.347
53.069
58.875
31.756
34.286
32.139
59.412
46.349
50.248
47.882
62.164
66.445
62.174
35.931
15.059
19.033
43.136
53.242
67.294
63.069
48.743
40.926
51.122
67.220
96.594
80.398
64.237
55.894
60.741
55.870
31.232
27.237
25.938
20.221
21.987
25.228
53.873
74.968
65.301
51.311
20.987
24.463
46.152
78.094
70.498
74.800
45.287
27.963
40.321
84.387
100.762
83.438
29.220
-5.238
13.484
43.557
49.655
50.999
56.566
77.918
78.393
87.859
76.390
65.452
70.693
56.444
94.878
95.138
92.390
73.237
90.636
97.096
60.523
60.687
55.535
66.796
41.816
50.233
47.527
58.710
54.819
85.892
113.832
103.890
75.230
48.331
64.249
65.164
59.157
65.846
60.872
60.440
32.477
47.365
85.664
105.686
109.780
70.730
56.818
36.579
42.552
61.439
72.590
50.453
23.221
9.204
38.765
90.997
119.106
72.412
62.476
69.699
58.666
43.307
57.032
79.779
60.829
56.340
24.419
31.844
58.142
77.493
67.845
67.338
79.764
98.510
98.058
95.117
87.243
76.827
65.757
55.565
37.194
26.748
33.647
54.879
86.996
85.501
86.930
86.367
75.345
71.014
58.816
77.511
84.219
61.608
49.664
72.651
80.273
79.386
71.394
52.513
55.587
36.955
36.244
57.554
77.122
73.453
66.646
60.433
61.248
68.769
58.234
55.974
49.560
32.920
23.944
58.745
83.212
64.655
24.692
23.360
67.860
82.867
94.676
81.618
78.463
46.548
55.179
54.877
76.108
59.489
58.260
59.981
63.317
67.675
60.573
49.806
71.667
91.583
77.691
65.890
46.329
34.251
52.750
41.134
62.031
58.014
62.355
62.989
71.969
59.617
63.794
63.443
48.750
41.877
66.716
102.919
107.715
66.011
50.927
62.563
84.093
89.965
81.243
67.030
49.223
20.559
32.815
53.435
78.304
55.319
56.606
86.181
94.427
78.429
61.177
87.326
73.182
64.847
40.050
39.318
45.844
76.356
107.335
104.397
73.921
88.178
78.141
63.305
20.437
46.717
78.781
123.906
84.557
78.499
62.371
78.639
46.866
63.171
76.309
82.419
76.561
54.624
43.242
37.504
22.256
46.081
77.580
78.085
69.014
53.363
60.988
53.059
41.738
58.490
67.106
99.456
89.340
62.010
61.477
73.200
88.261
92.850
70.263
55.174
46.267
35.522
38.239
67.135
82.741
58.654
21.280
48.630
68.980
68.225
49.916
27.892
57.567
63.889
89.616
78.692
90.840
81.178
83.768
80.637
81.716
76.284
63.158
83.991
68.790
62.114
50.846
63.158
60.082
62.967
58.447
37.278
37.517
31.798
22.882
33.943
58.726
81.059
84.573
44.980
16.301
51.405
61.997
76.924
53.206
55.098
46.069
60.270
66.061
61.607
40.887
45.090
37.760
54.359
97.070
121.362
112.077
75.498
27.526
6.319
41.894
58.848
57.316
45.989
36.559
27.992
36.575
39.835
41.770
35.994
53.882
61.060
62.305
66.413
64.592
59.109
61.593
72.959
71.154
64.802
47.102
35.831
52.769
71.479
82.417
76.008
66.666
70.287
81.170
90.404
77.374
82.989
77.262
80.287
72.044
69.112
52.544
59.984
103.412
99.661
79.499
46.603
40.239
69.840
68.648
59.011
25.266
21.459
13.304
44.052
101.618
104.582
57.676
43.048
41.120
76.050
71.351
58.917
46.109
61.172
66.123
58.045
49.012
33.961
47.357
31.498
35.672
53.845
74.399
83.678
71.376
78.913
86.162
86.522
84.862
83.076
67.425
37.322
40.620
61.193
89.291
69.559
42.885
43.531
55.919
38.249
42.052
23.990
26.808
56.088
101.279
84.312
55.382
41.357
79.110
79.028
63.001
70.262
68.362
77.677
45.130
40.797
20.602
21.603
48.227
67.219
67.892
47.700
43.163
54.888
78.287
40.934
21.233
28.255
55.280
72.744
73.561
63.698
49.669
45.226
68.402
64.737
60.633
55.798
83.095
79.282
82.834
86.149
80.001
63.675
48.052
46.624
65.670
74.484
75.399
48.971
30.482
66.897
79.979
67.948
69.457
73.625
82.889
67.982
55.397
49.431
33.730
39.113
53.713
93.290
93.055
43.720
24.123
74.242
110.498
88.239
63.647
43.261
30.852
30.628
46.989
35.688
23.662
32.052
48.217
66.499
49.615
58.893
43.399
74.159
50.045
35.281
37.566
80.614
95.188
89.673
68.569
44.787
35.383
25.957
22.659
42.578
43.824
58.349
40.713
51.063
48.552
78.067
82.754
94.809
67.649
56.676
36.572
38.777
43.792
45.290
34.206
20.008
-0.259
5.553
42.065
45.811
32.703
58.603
66.219
75.220
70.804
78.967
51.502
39.754
18.887
71.436
61.462
47.641
19.249
13.752
53.805
107.180
103.738
56.912
0.357
8.259
34.613
51.941
60.308
67.626
73.876
64.204
41.765
50.374
59.831
80.602
86.135
57.244
24.350
14.635
22.429
55.669
73.816
92.304
86.006
75.579
79.731
80.855
74.683
83.577
78.964
66.811
42.073
52.664
79.775
83.978
89.950
46.788
39.011
39.769
48.422
88.374
88.577
74.050
52.522
23.001
20.253
48.928
62.449
54.113
65.359
90.051
97.756
71.788
50.268
36.132
30.671
26.314
31.908
32.772
23.682
38.382
58.246
95.062
80.210
69.414
59.791
59.104
69.231
79.056
81.187
66.468
51.380
30.387
25.742
30.345
32.662
51.585
79.040
71.116
63.970
39.931
41.535
38.188
58.787
56.376
73.232
66.342
55.562
30.746
39.841
67.204
82.157
107.040
113.023
90.041
57.365
51.803
46.611
69.159
75.688
79.148
76.541
93.669
89.144
72.355
77.256
88.637
78.812
61.567
55.779
64.762
46.950
22.661
14.917
22.937
36.116
59.683
66.918
70.019
45.220
37.323
51.757
74.415
66.335
59.073
86.506
90.008
68.196
45.177
48.082
56.585
60.409
39.368
26.877
33.682
50.420
53.809
52.886
55.901
73.609
72.962
72.486
55.757
61.910
67.742
82.232
85.636
83.976
69.749
63.265
74.472
65.298
50.209
47.190
61.900
57.010
53.244
51.153
26.456
27.616
38.495
57.825
83.209
63.928
43.898
-0.354
9.076
29.938
50.995
74.781
88.331
84.012
62.151
66.492
67.317
55.620
23.702
22.036
51.760
104.433
104.382
70.148
28.182
38.613
31.114
52.131
69.180
84.979
72.582
67.661
65.266
53.816
76.734
73.018
81.669
32.276
48.390
77.419
92.727
84.145
73.369
58.084
60.734
48.572
44.110
62.159
85.488
74.950
48.409
31.630
53.322
52.338
61.281
69.639
72.365
80.523
67.690
58.927
38.576
57.726
55.541
65.296
59.350
46.535
36.802
63.170
78.703
63.110
53.080
51.108
109.656
112.003
86.843
72.806
40.782
43.731
73.969
86.863
53.147
28.642
57.166
82.844
69.807
42.999
32.547
50.720
82.386
100.268
93.772
53.266
20.856
34.033
37.246
48.102
55.319
48.638
35.390
36.900
59.159
85.559
91.327
78.685
52.353
30.649
29.280
50.969
70.394
42.521
24.891
48.977
73.107
56.447
77.881
78.589
84.363
70.542
59.068
45.067
76.019
97.341
104.499
86.941
54.131
63.316
53.222
62.404
34.296
10.127
24.498
39.165
30.241
40.873
84.976
117.971
96.911
65.245
62.820
82.582
76.638
64.334
58.935
69.428
67.831
61.020
76.086
94.077
94.501
99.501
76.861
86.680
81.931
123.495
89.201
55.668
39.701
59.023
97.925
83.059
79.542
79.750
88.729
63.415
69.629
85.008
95.327
80.845
66.897
58.540
66.828
67.433
53.241
33.094
26.842
45.374
60.608
69.614
73.019
59.907
75.902
69.807
61.350
58.005
34.319
27.503
49.503
44.616
65.889
85.884
85.498
72.777
73.678
66.704
73.820
56.717
49.037
35.682
49.735
76.994
79.309
50.861
23.985
37.759
84.419
99.296
78.592
66.643
58.156
54.726
38.622
63.637
36.064
50.881
45.134
55.589
79.026
70.912
55.342
41.960
56.071
59.474
37.401
23.541
54.140
74.820
83.618
65.300
48.285
70.652
73.919
65.936
68.074
58.150
49.863
45.956
54.663
65.795
96.083
96.538
46.803
31.054
40.037
64.405
69.956
65.711
60.943
67.125
59.487
43.903
85.759
83.118
78.129
32.813
36.700
34.892
44.455
65.928
80.738
86.186
46.467
63.876
50.676
81.017
87.690
93.879
62.991
50.743
43.763
53.974
54.853
29.333
47.846
58.891
64.678
48.596
53.276
47.545
20.087
29.572
56.473
72.980
51.096
44.861
29.667
27.212
26.553
57.315
65.932
60.672
81.037
87.334
85.789
60.598
44.304
14.187
38.684
64.388
77.038
64.378
66.683
44.752
35.903
22.795
66.298
92.213
59.471
16.364
15.207
38.451
40.259
73.082
83.980
89.906
59.629
60.590
55.387
55.810
62.579
42.644
66.661
71.835
95.117
64.822
39.688
18.331
38.393
58.305
61.917
43.832
24.914
34.114
45.018
48.534
73.926
76.931
91.745
68.777
63.257
55.052
34.382
57.032
64.487
83.264
60.839
51.871
37.221
63.783
76.199
82.248
88.049
95.570
95.048
55.802
31.364
19.559
50.492
68.856
53.595
42.483
23.847
38.081
27.092
49.068
64.062
101.094
104.885
80.372
68.381
40.916
30.078
39.767
27.027
37.481
31.402
51.043
43.029
55.993
60.236
86.058
81.441
60.174
43.549
27.517
45.339
65.938
110.906
93.064
66.893
37.500
46.827
63.273
68.702
80.309
65.494
73.410
74.402
73.375
58.840
88.090
76.972
72.531
44.307
73.568
90.554
77.900
64.801
60.523
57.231
65.905
71.378
74.673
65.578
65.612
67.025
66.626
52.953
75.058
62.144
66.067
52.218
82.580
69.029
51.623
27.056
42.906
38.730
41.381
14.993
32.797
42.913
39.507
57.208
46.644
65.553
52.816
80.626
88.269
68.752
37.835
43.689
55.371
62.068
76.957
65.721
61.639
67.706
83.655
77.002
59.388
26.488
16.067
36.441
57.915
68.661
79.351
58.454
48.337
48.173
49.736
75.017
88.911
89.334
96.568
60.999
49.540
48.852
49.558
57.267
42.410
58.363
77.476
85.804
47.224
20.807
36.521
61.273
32.187
45.406
57.614
63.277
69.000
57.020
48.665
50.468
84.573
112.655
103.608
81.995
73.331
49.743
55.131
46.076
59.861
57.206
67.810
67.915
21.703
21.217
46.124
80.657
77.455
88.008
84.000
81.487
80.637
78.687
57.554
12.736
9.521
44.805
67.503
81.232
73.473
86.185
72.987
70.773
68.425
89.472
59.068
40.683
48.845
88.664
95.099
73.442
65.451
75.311
70.767
66.337
76.367
103.987
105.612
83.878
59.959
60.610
61.722
65.191
46.478
65.167
52.677
49.919
47.303
86.330
84.402
62.647
37.230
66.571
37.790
23.427
63.567
98.875
80.949
50.418
45.325
69.789
100.473
99.292
71.512
62.165
50.234
39.802
15.141
5.563
14.815
24.603
49.634
45.126
6.626
-4.265
15.893
43.897
80.691
74.174
79.753
66.117
63.390
45.804
45.848
41.261
53.197
55.531
47.053
61.514
72.969
69.251
60.584
55.231
46.248
48.940
45.685
40.292
21.234
27.055
53.539
60.496
97.198
103.629
110.904
93.437
100.732
73.648
21.695
6.759
37.816
70.826
79.118
87.821
84.907
85.389
57.289
33.680
57.518
74.087
69.020
45.203
34.581
35.048
28.929
18.893
30.362
41.537
72.657
80.197
79.673
55.232
47.295
55.277
74.440
73.554
80.959
72.628
78.097
61.767
31.069
33.237
58.671
83.949
84.844
65.946
44.205
50.986
66.085
64.174
73.795
57.259
47.738
67.835
89.523
82.083
66.295
58.852
21.581
10.156
24.919
51.042
66.875
82.446
74.778
49.624
45.376
48.683
57.234
53.916
88.378
57.159
42.767
34.499
43.709
66.362
81.321
79.961
62.608
51.516
51.925
56.225
56.643
61.709
73.675
55.380
34.386
9.278
40.056
65.667
84.521
53.138
69.541
61.827
68.513
70.370
57.057
45.300
46.141
98.794
107.540
112.382
97.963
86.659
54.062
58.434
40.522
70.861
74.066
38.585
21.237
40.887
64.926
79.327
58.849
34.836
32.905
48.579
58.504
77.820
63.770
63.338
57.351
39.525
20.876
29.923
80.534
101.646
64.136
-5.048
8.236
42.606
89.436
71.610
64.417
67.769
65.682
54.899
49.964
63.467
68.504
79.883
66.565
41.160
64.687
66.106
61.757
47.693
53.282
55.388
57.050
57.289
62.650
29.195
56.869
64.932
84.616
50.175
37.137
30.725
68.636
70.311
78.686
56.829
48.455
43.841
71.113
50.434
27.961
-1.454
7.249
23.502
25.472
29.545
14.307
17.482
53.102
80.569
85.255
54.164
23.023
11.717
31.914
67.897
91.784
93.416
65.304
51.499
45.360
51.439
85.598
62.687
50.389
58.162
51.365
43.142
32.701
44.493
33.328
48.995
67.886
84.799
63.144
52.574
38.338
42.726
81.011
90.676
64.570
45.825
28.389
24.917
20.546
33.363
64.815
83.779
87.679
56.727
38.365
44.315
50.026
53.033
60.223
60.138
63.816
83.920
80.983
87.495
80.297
52.111
25.661
17.774
27.642
45.600
67.003
90.911
89.746
67.821
22.877
24.555
43.395
67.848
99.377
110.647
104.838
62.748
38.134
37.485
41.800
58.972
69.093
55.807
66.650
68.153
46.320
37.068
47.787
78.893
75.135
76.985
69.612
47.806
21.688
44.504
82.427
95.542
99.224
95.444
91.391
59.939
72.304
79.374
74.490
48.969
47.817
32.016
50.741
44.772
60.987
53.230
53.484
42.702
45.946
80.531
106.945
101.793
74.034
67.971
81.461
67.877
55.510
23.048
48.603
91.867
102.513
50.602
36.508
31.919
43.435
57.415
69.863
64.752
47.552
47.845
50.107
41.390
39.088
52.908
62.242
43.760
55.208
22.798
26.185
25.545
53.483
72.139
90.032
71.829
66.831
61.698
40.242
65.429
51.000
63.529
61.455
72.040
61.121
67.050
43.519
44.009
38.497
43.107
56.026
78.846
76.148
76.791
66.711
51.387
43.022
43.561
44.740
57.199
66.170
46.170
17.878
30.236
42.399
62.957
74.474
57.103
29.687
53.271
76.400
76.732
46.341
33.719
26.479
54.211
55.438
76.790
65.585
48.381
35.806
6.584
20.724
38.946
75.224
50.496
60.897
72.076
98.950
84.977
81.753
47.494
54.082
44.446
31.497
17.389
32.876
43.488
60.963
37.477
10.260
37.670
77.274
75.730
58.224
63.995
77.653
77.208
80.922
62.991
56.952
51.962
54.591
51.614
54.607
59.330
47.467
58.826
48.959
51.481
46.572
60.122
34.306
48.757
46.354
78.087
68.246
63.593
82.345
79.880
89.430
73.155
72.373
64.039
73.640
60.839
42.356
30.505
44.005
55.777
72.498
89.741
70.421
45.813
17.899
61.240
83.116
92.693
51.777
41.557
52.939
63.475
79.480
107.191
86.100
49.188
19.889
57.583
91.680
90.465
68.814
43.271
57.644
59.152
59.829
63.582
63.119
59.557
55.596
69.032
95.079
98.195
92.010
68.472
47.641
53.799
63.721
48.468
38.816
42.348
50.197
77.678
85.871
99.818
85.520
71.677
44.948
43.621
51.110
42.008
36.593
38.524
59.576
74.055
64.686
63.511
57.714
19.139
12.685
46.058
51.419
55.720
73.994
72.218
64.827
34.068
62.938
70.945
75.327
80.951
86.029
65.806
41.747
47.181
51.178
27.704
27.708
22.070
67.039
79.046
67.148
40.615
12.942
11.930
47.579
103.349
116.851
89.847
53.507
31.343
68.669
78.169
107.764
108.052
67.200
32.862
19.909
41.689
57.085
106.990
88.398
73.483
59.013
64.096
65.760
46.239
47.238
60.059
74.043
79.490
91.103
95.697
82.806
47.697
30.550
35.628
56.810
59.267
45.774
27.558
12.849
26.891
27.294
30.499
35.084
32.079
49.517
69.697
69.360
55.287
56.614
52.157
44.402
61.899
83.481
92.956
89.635
45.696
55.467
64.466
90.973
85.111
72.592
56.359
58.142
56.429
71.408
47.201
37.699
68.809
75.284
68.499
39.253
47.570
46.731
52.430
66.442
61.645
70.557
77.014
91.953
82.769
114.531
116.441
101.202
54.128
39.555
66.083
102.982
118.983
104.994
58.773
47.933
31.949
24.196
35.644
61.763
87.637
88.515
82.014
54.067
45.351
26.037
9.647
33.939
47.454
75.639
87.648
74.694
68.560
50.095
26.359
30.902
40.747
52.679
84.209
64.264
62.274
37.179
60.216
70.136
78.990
55.414
37.503
53.236
92.170
101.981
69.719
52.607
86.224
95.454
103.270
67.295
54.745
57.462
71.179
60.469
41.538
55.559
83.903
108.785
117.835
95.563
65.425
68.257
80.034
65.079
36.687
41.757
54.639
64.563
77.073
86.053
98.170
54.918
44.090
53.201
48.416
38.836
27.706
44.560
81.180
116.175
92.110
70.938
61.428
71.567
74.670
72.132
89.954
99.485
71.568
62.288
69.303
80.352
88.317
79.036
71.526
62.625
30.895
30.654
32.727
36.209
64.704
81.141
81.795
56.877
53.094
71.070
64.259
57.946
64.724
42.703
40.766
37.408
52.928
51.867
57.084
87.396
84.214
76.303
87.478
77.230
92.872
77.246
96.194
92.117
84.990
65.227
47.119
48.298
67.846
74.090
64.556
51.499
66.214
88.796
76.369
50.911
47.239
78.817
101.885
72.037
46.280
27.245
38.604
74.554
63.345
33.848
14.056
38.274
70.579
84.039
91.893
53.589
59.535
53.931
74.999
50.361
47.536
51.982
80.306
57.762
49.251
30.264
51.865
72.324
96.662
78.659
75.009
83.597
58.893
55.934
65.652
72.884
48.770
54.054
43.909
50.018
49.571
69.491
63.139
49.024
46.595
69.590
109.416
80.033
61.494
30.740
57.614
52.820
48.412
36.687
45.667
61.434
74.340
71.809
45.133
50.785
57.016
83.401
67.898
36.550
29.916
63.494
82.960
74.827
46.432
68.535
60.578
51.058
50.373
33.752
59.633
73.729
94.248
87.756
70.218
42.861
38.158
33.710
54.438
74.183
99.632
94.186
88.675
66.537
51.105
54.157
55.197
63.528
46.676
35.334
48.996
75.829
67.024
65.874
51.935
56.847
76.834
91.477
94.915
103.311
77.691
46.693
24.850
34.409
18.702
27.694
34.702
67.523
78.079
66.214
63.639
71.418
62.588
48.451
13.523
9.065
18.814
47.983
49.895
46.813
30.920
43.344
61.572
77.067
72.728
41.516
28.281
31.765
45.660
57.555
82.633
94.464
69.507
60.698
65.676
60.492
67.103
61.788
43.735
46.230
57.291
65.362
61.320
47.693
58.257
62.311
68.219
68.352
49.104
33.614
5.906
31.719
36.930
57.010
63.701
77.618
56.123
47.377
71.661
106.862
113.637
91.246
51.636
51.608
54.654
71.696
59.246
53.506
54.225
64.095
73.288
61.482
36.448
59.020
106.807
116.594
68.785
28.232
37.574
78.069
69.348
55.909
49.728
72.019
70.119
41.140
43.768
70.502
81.524
77.297
56.902
41.438
57.656
72.757
83.101
92.933
67.301
46.901
42.320
47.150
67.155
66.243
51.093
46.187
54.315
77.592
82.542
80.454
72.433
62.155
47.039
50.986
52.882
83.724
101.782
101.787
83.000
62.938
37.595
35.409
47.489
65.421
74.954
83.682
66.261
46.537
63.178
83.846
78.571
59.928
50.309
55.442
66.703
104.455
102.063
91.897
41.374
28.044
53.594
79.634
17.331
14.712
59.168
67.037
79.545
25.509
45.638
50.772
35.723
38.994
64.642
87.559
87.658
64.742
28.577
37.906
78.567
109.402
65.439
18.061
4.593
11.384
38.388
61.583
52.205
59.758
68.582
67.412
56.631
23.915
26.001
41.069
64.110
73.986
73.225
62.830
61.187
74.598
74.107
71.504
59.299
48.276
56.078
53.805
63.714
62.687
59.591
51.857
45.389
26.994
40.368
57.696
82.881
70.220
87.349
74.036
55.427
28.392
11.047
51.203
91.261
106.326
69.840
74.498
66.375
63.671
73.427
84.532
112.108
97.900
71.276
41.488
15.245
23.912
60.136
87.689
84.013
51.929
46.319
66.649
82.530
78.953
53.747
59.798
17.992
29.989
78.320
80.313
63.285
43.164
46.942
69.595
79.427
78.700
77.233
69.537
109.897
103.748
88.312
34.002
22.227
51.766
54.290
25.780
22.528
63.067
84.912
73.427
29.585
34.951
59.470
50.515
62.203
72.689
96.562
91.877
84.279
76.592
80.107
46.380
17.794
11.662
36.583
64.420
76.295
87.860
94.902
70.363
57.504
39.229
45.059
56.317
15.976
53.529
75.122
83.069
88.921
73.307
69.667
49.499
74.699
76.414
74.841
77.757
82.846
75.300
77.851
107.650
105.767
84.287
60.407
74.382
67.173
57.705
27.659
17.708
25.012
46.595
87.161
97.228
71.140
39.201
57.034
87.232
89.716
64.397
66.536
53.289
60.270
89.931
96.864
70.913
53.685
46.497
35.057
48.598
75.830
79.865
62.383
36.749
38.687
42.217
39.504
72.612
87.187
92.973
84.549
83.300
67.593
60.980
53.015
63.028
69.045
63.275
38.600
39.756
47.949
33.952
43.747
67.547
117.091
100.831
66.365
26.921
36.365
56.104
56.644
52.106
23.567
45.500
47.821
60.739
37.070
32.880
37.874
54.191
69.336
90.803
95.629
94.835
96.319
90.342
74.037
73.398
83.914
89.606
54.932
29.616
28.659
60.398
72.882
86.986
95.314
102.620
101.538
66.169
56.271
43.581
29.436
29.752
63.467
86.684
111.352
94.538
110.033
91.550
76.141
37.402
52.362
55.424
54.794
68.008
88.865
103.699
79.622
59.253
49.711
66.435
92.751
93.980
105.516
98.845
79.337
70.362
87.493
115.231
116.819
88.735
59.007
57.005
85.279
93.291
86.306
67.397
54.400
50.103
55.631
85.794
82.697
72.132
43.875
54.828
81.385
109.369
97.735
81.395
60.772
64.068
67.574
68.413
65.043
67.680
61.965
55.592
78.114
119.897
94.224
45.580
11.535
28.610
66.030
86.425
82.761
75.011
55.405
48.235
48.988
34.885
23.562
17.171
49.537
71.059
84.722
47.045
17.142
32.060
18.003
51.487
33.616
61.560
48.799
71.913
115.753
80.283
64.490
18.731
41.246
49.893
66.139
51.409
61.126
42.660
65.333
60.703
45.461
61.836
68.706
101.380
104.723
78.250
53.439
47.396
79.319
89.315
82.226
61.249
53.448
73.533
76.996
65.701
45.411
38.226
27.129
27.628
63.375
76.121
84.777
33.562
37.201
43.435
57.381
59.975
53.355
25.123
41.175
60.066
70.644
48.502
22.945
34.492
76.278
91.966
60.585
44.811
46.640
73.065
83.145
33.795
31.005
26.181
32.252
36.257
55.803
45.237
55.674
68.978
78.372
56.786
33.228
52.007
44.779
66.671
62.532
65.929
34.067
32.774
53.001
50.983
58.847
59.081
56.791
66.071
34.854
42.228
70.830
107.651
102.707
71.582
43.500
38.305
56.515
55.264
67.398
95.854
94.684
57.134
17.494
36.183
59.048
83.810
68.377
71.732
62.824
52.198
42.294
30.418
70.183
79.175
87.784
61.128
39.030
35.165
63.370
68.503
53.199
46.726
60.793
93.091
94.076
87.394
78.327
53.054
32.535
19.215
18.207
48.793
70.265
77.776
29.572
53.615
52.743
96.805
63.815
44.078
3.060
26.120
34.696
39.553
23.542
47.196
73.997
107.589
84.134
66.632
33.515
34.646
37.372
59.490
81.259
95.241
70.758
68.474
61.677
60.305
44.856
38.581
71.941
85.913
83.942
60.944
88.841
107.224
86.473
53.892
39.962
52.434
51.167
60.380
82.787
65.655
38.416
24.686
36.135
82.552
103.547
106.947
75.878
53.431
26.839
45.985
66.910
95.362
81.969
64.417
54.922
70.301
51.933
58.300
57.080
50.449
17.258
21.034
63.722
108.717
106.486
107.143
82.991
81.936
60.353
49.073
36.987
15.795
46.610
55.227
55.809
31.292
34.517
74.718
116.800
83.240
48.236
19.644
52.321
71.922
67.422
57.180
47.403
76.422
87.195
91.469
34.277
23.606
63.869
108.801
74.883
41.236
17.002
62.531
80.950
71.092
53.671
13.442
7.649
26.404
69.175
52.776
40.440
53.904
50.245
55.803
54.133
87.905
82.927
68.809
65.509
47.125
44.617
39.464
50.644
69.933
81.346
65.578
55.735
74.529
68.346
63.820
51.194
55.367
34.601
58.449
56.181
78.473
61.272
50.132
63.116
84.863
88.033
82.342
64.394
58.012
45.296
62.507
57.637
80.842
71.044
67.460
67.454
68.307
61.604
54.964
68.582
62.338
57.222
52.576
70.638
71.579
92.712
80.908
66.929
49.768
32.665
24.941
29.036
64.188
76.406
66.705
71.706
92.853
108.452
76.575
46.625
65.720
80.827
75.839
68.728
78.445
69.308
62.641
69.201
55.704
51.968
33.874
30.367
31.793
54.454
62.227
54.751
51.255
38.884
52.085
74.922
80.320
67.511
60.482
31.223
42.197
96.050
107.759
85.685
64.420
84.818
99.352
54.708
43.058
81.695
107.808
76.275
50.834
28.779
59.706
54.783
61.037
42.968
40.775
68.270
79.479
68.516
36.947
9.764
6.304
32.644
72.558
74.663
88.037
66.227
57.119
33.192
55.296
96.155
74.466
49.728
55.155
50.033
61.111
74.952
82.494
80.370
91.684
113.030
97.426
62.996
31.433
50.810
45.490
48.827
49.478
53.217
60.967
98.590
96.633
73.268
63.679
67.335
90.378
83.844
68.447
28.905
6.248
-4.012
30.972
38.908
71.816
72.963
69.783
45.628
53.230
49.264
41.595
59.137
74.444
74.060
70.444
64.760
69.022
52.705
80.603
72.626
91.422
72.854
78.105
77.339
89.886
67.600
70.413
90.648
87.916
71.323
46.662
43.198
74.500
67.485
48.897
61.621
81.251
114.103
88.570
69.021
42.326
48.459
30.248
48.392
62.118
72.477
59.794
41.034
53.852
46.185
59.728
89.536
114.991
76.783
40.272
38.897
56.703
45.502
48.929
54.497
92.469
85.453
89.278
52.725
32.555
43.207
76.655
71.025
59.211
30.987
36.652
59.657
66.985
61.516
37.785
32.124
67.931
82.738
65.102
42.861
20.989
20.431
55.871
73.318
102.590
85.733
71.083
63.820
25.190
30.142
40.406
85.480
100.150
71.357
68.111
58.637
50.826
48.520
51.576
82.332
86.752
80.994
76.758
85.424
90.667
97.706
90.750
77.540
79.939
71.938
66.265
82.047
104.535
95.115
63.976
68.364
82.213
86.250
65.558
59.188
58.016
51.676
53.013
60.378
60.401
71.722
88.149
98.767
78.927
71.102
63.784
45.973
52.280
60.299
106.160
119.967
110.515
80.202
62.307
42.327
18.995
14.840
35.260
27.773
30.258
36.752
53.487
51.600
48.181
76.584
92.004
77.042
55.698
49.317
45.377
39.068
59.292
63.589
49.963
42.503
51.459
34.592
36.665
57.730
81.061
110.164
113.077
113.088
124.396
112.534
87.496
73.340
57.404
57.156
45.645
56.881
51.866
46.025
52.763
59.052
36.158
13.522
8.409
23.004
52.100
69.610
87.801
89.892
93.440
86.539
75.603
79.029
85.751
84.188
88.393
42.715
30.208
29.401
70.414
101.599
73.946
72.969
45.744
35.545
31.623
43.265
35.376
50.204
69.011
93.169
76.818
60.879
51.679
80.607
42.252
21.933
22.638
37.104
48.589
51.692
50.100
53.969
66.423
67.354
56.979
49.222
52.880
34.229
44.622
47.292
78.777
86.094
96.453
65.144
46.308
24.469
27.898
60.874
97.351
79.079
50.974
38.846
60.150
43.981
20.438
31.721
27.372
37.156
46.108
68.457
70.084
58.790
65.613
71.566
61.703
53.960
59.040
89.886
99.280
102.268
70.848
47.870
38.999
47.723
43.351
66.275
84.055
80.146
72.952
66.106
75.494
51.085
43.956
44.709
67.260
62.268
22.621
5.083
23.883
56.243
93.526
97.905
84.028
62.284
70.445
62.909
58.107
36.689
63.093
77.285
69.298
53.074
57.300
61.143
54.405
41.965
51.376
55.362
54.012
33.778
39.874
49.192
57.090
61.065
72.654
82.923
84.090
68.450
49.926
32.011
31.084
45.153
48.018
55.465
44.070
25.538
43.186
53.181
53.055
33.210
45.093
78.545
80.418
65.611
67.522
43.556
71.815
107.168
70.907
41.926
20.135
41.695
49.006
68.525
69.572
53.911
44.237
56.288
49.511
27.045
57.797
65.903
70.119
49.859
59.303
89.634
98.274
60.974
20.594
17.426
38.642
33.997
52.614
45.473
76.930
101.192
94.493
77.203
40.692
49.928
49.587
43.919
39.590
41.621
49.264
69.245
61.937
83.987
58.281
78.054
55.372
57.397
44.374
47.286
64.393
91.739
106.283
82.744
62.769
41.596
32.480
23.519
31.932
52.546
37.878
40.112
68.037
99.158
83.548
40.693
37.597
18.036
50.314
57.715
96.818
62.632
63.977
54.118
58.975
36.261
47.110
67.472
102.768
107.534
78.621
40.562
14.856
51.023
60.396
88.409
84.729
82.841
62.388
63.860
63.279
58.966
64.798
63.672
52.367
56.664
60.073
72.052
61.093
40.034
63.902
95.894
110.382
80.045
52.269
65.718
67.901
57.940
75.334
77.875
100.344
62.906
58.784
81.513
90.494
74.525
37.255
52.268
52.612
59.249
37.169
64.937
89.306
90.535
53.384
61.820
62.125
51.759
17.696
16.338
17.636
31.871
57.757
65.938
71.342
53.231
53.070
82.225
82.262
77.758
37.925
59.356
59.801
82.533
70.774
74.368
75.397
65.368
73.483
58.193
68.251
58.079
65.050
55.075
56.775
41.618
49.639
56.551
57.001
54.809
57.500
53.180
52.193
39.545
79.902
101.098
99.741
88.469
43.267
-0.082
-0.174
14.634
43.026
58.586
80.657
62.165
58.719
54.737
67.339
58.771
75.985
72.819
95.097
71.123
71.372
59.429
57.226
63.615
61.080
23.140
-22.654
14.768
75.132
126.065
104.537
54.661
28.446
37.123
42.298
74.628
110.157
113.127
84.249
38.380
56.313
68.256
71.075
65.513
53.831
56.854
36.376
57.408
63.069
86.551
74.354
63.559
36.665
50.581
47.907
49.756
49.058
58.911
39.512
36.416
55.319
65.982
62.587
57.655
57.698
45.080
45.079
65.982
60.157
51.166
26.579
50.989
62.748
58.245
51.976
36.545
29.996
17.255
19.234
58.251
65.789
74.166
50.776
61.869
48.466
53.197
54.059
95.282
103.416
79.590
63.391
88.476
68.097
42.559
28.504
40.962
50.995
37.887
62.673
50.364
52.001
62.614
72.312
56.421
27.312
28.453
35.743
55.403
41.914
57.769
63.616
72.990
86.410
74.168
53.809
35.849
40.958
52.696
48.732
21.894
19.230
43.176
67.708
89.051
108.938
106.787
102.971
89.592
98.786
110.235
107.538
92.627
66.849
54.771
47.900
62.088
56.078
53.848
18.261
51.177
63.307
82.179
89.475
86.473
94.678
60.732
84.613
94.351
95.100
90.626
58.286
46.118
63.713
49.021
56.644
60.735
100.090
70.899
76.934
56.922
55.430
31.513
22.804
42.399
44.575
64.376
55.512
41.315
31.770
48.090
59.354
64.045
70.771
85.695
76.091
48.430
41.104
56.654
47.438
34.230
26.658
41.355
45.062
63.157
44.008
23.424
21.848
41.704
39.885
36.340
37.575
47.061
58.197
53.102
75.895
83.130
67.795
53.570
52.923
78.535
70.432
73.414
64.601
85.928
98.508
91.141
66.521
59.664
57.344
84.488
82.902
68.542
46.311
28.958
46.634
47.994
73.069
53.146
54.209
67.950
45.628
70.929
63.771
72.862
68.096
77.248
77.631
82.955
81.007
97.788
92.966
106.094
99.341
56.417
74.298
66.481
93.382
76.501
84.344
61.906
64.629
56.708
82.825
86.123
91.904
43.233
32.329
43.560
68.702
85.400
72.100
62.632
72.137
41.486
46.775
43.943
47.860
53.704
76.643
96.550
84.080
77.388
78.477
73.771
53.789
37.764
55.450
66.470
54.258
22.740
39.554
50.975
69.138
82.547
61.607
51.403
44.079
61.376
83.949
62.882
60.383
69.506
74.431
65.020
61.332
67.196
76.086
78.884
57.204
63.404
79.985
86.181
51.073
36.544
45.443
45.843
44.829
27.892
48.458
62.720
47.702
47.225
50.645
70.928
64.346
48.373
34.202
34.584
48.558
61.973
63.480
54.923
47.990
87.758
81.362
63.364
91.504
101.972
72.329
53.919
39.675
65.161
63.962
59.544
76.283
85.649
94.997
83.026
63.097
61.796
78.531
82.330
97.653
95.566
85.473
69.054
61.267
41.938
41.212
51.563
58.210
64.545
63.165
74.565
80.570
77.209
46.539
65.558
69.039
72.300
53.871
45.195
71.769
97.948
99.772
75.234
65.684
62.889
60.717
62.167
55.889
60.272
63.039
73.796
61.643
66.260
50.318
44.332
37.455
33.277
58.607
54.834
48.723
62.722
63.423
61.974
39.174
55.392
76.083
91.432
86.542
72.212
53.716
37.982
61.201
82.667
73.769
58.362
47.439
37.781
45.565
48.951
45.040
25.581
11.265
23.995
46.342
50.642
63.101
63.817
74.357
65.791
50.064
48.209
36.035
52.739
46.180
67.546
62.836
79.398
56.299
42.432
45.790
76.034
106.143
95.309
98.736
75.453
80.770
54.612
58.032
22.424
14.524
34.034
42.382
59.673
73.288
70.852
48.402
34.573
30.050
43.342
56.358
60.416
84.177
71.251
83.811
56.393
55.062
67.926
91.951
80.495
70.632
65.981
58.966
63.944
89.745
96.926
89.714
77.643
46.845
48.039
37.296
41.817
77.883
83.595
66.563
63.766
51.844
49.223
64.694
74.031
50.393
47.182
46.903
82.100
72.339
80.399
93.652
77.678
58.158
51.560
47.571
56.084
54.851
56.803
57.235
60.410
64.638
55.056
45.363
45.663
53.889
54.545
60.815
36.101
28.300
32.283
40.547
75.166
80.151
78.879
55.547
51.125
36.426
41.036
36.121
44.694
15.670
9.870
48.498
88.544
110.660
108.076
95.480
67.645
37.446
53.034
66.387
108.574
91.499
101.870
76.862
86.690
96.990
74.931
49.619
24.939
20.707
46.456
60.908
69.195
70.691
41.238
57.160
56.820
74.658
75.954
91.925
81.286
36.818
26.996
42.981
50.644
55.479
51.081
38.349
50.419
51.609
54.834
46.202
68.980
74.157
72.645
54.405
58.822
81.007
91.992
90.265
80.887
49.217
29.279
30.926
40.117
37.901
17.282
9.625
26.732
51.007
53.668
55.709
50.745
71.772
70.829
77.783
70.765
46.126
39.507
28.002
42.105
41.821
58.468
43.822
47.597
59.285
82.763
69.076
57.612
54.235
83.097
62.326
39.749
73.837
85.419
55.017
23.498
-8.043
21.636
58.779
68.301
55.186
60.653
42.632
26.043
25.453
36.767
49.400
37.507
47.033
53.356
70.806
72.451
71.159
43.069
47.317
49.180
58.626
73.298
63.804
78.876
92.659
100.045
66.523
16.375
31.971
57.106
64.820
73.337
57.784
51.305
54.494
46.988
49.333
66.676
78.292
92.147
94.930
82.811
31.920
7.092
33.423
42.008
48.409
52.954
85.213
77.914
56.203
43.367
55.930
63.039
78.347
62.551
58.869
60.175
60.035
71.171
70.547
79.880
74.222
72.546
55.420
42.953
62.417
80.979
66.318
54.491
17.105
19.445
48.752
71.388
74.979
19.941
12.602
34.317
72.370
91.482
77.962
61.636
33.452
34.591
28.371
17.592
13.584
56.403
74.593
79.130
56.026
26.606
43.346
27.506
33.980
38.503
61.314
57.879
29.053
18.214
24.072
36.559
64.288
55.162
59.611
57.857
78.370
74.046
77.457
65.498
67.827
41.225
3.545
16.823
52.040
83.552
70.507
79.638
67.344
70.153
69.161
93.955
83.073
58.622
22.913
52.338
75.590
89.258
117.325
108.283
67.137
35.340
24.245
37.649
44.712
47.279
32.782
61.927
77.347
77.486
72.053
72.405
74.380
76.293
71.459
74.959
79.068
76.053
63.334
77.630
69.788
70.680
65.960
57.477
42.684
38.059
41.624
32.109
30.335
46.226
80.709
92.673
43.138
36.308
35.544
65.013
66.842
63.197
56.472
55.947
78.106
78.674
86.852
86.650
87.876
48.009
52.906
50.381
73.249
54.820
35.631
63.953
63.830
82.898
71.076
62.722
53.279
35.024
41.257
35.127
42.370
63.114
76.424
53.103
54.721
57.503
59.429
65.538
63.287
47.253
69.552
74.888
74.973
53.436
67.656
63.825
40.730
24.769
56.156
87.409
83.922
84.751
83.861
73.976
57.408
56.326
48.798
51.740
58.601
41.111
38.735
40.206
71.171
49.481
40.374
32.950
64.574
72.886
96.673
94.439
75.523
59.416
49.320
66.781
50.045
37.776
44.671
77.747
52.665
62.419
57.544
41.636
-7.908
-18.818
17.279
56.074
80.458
67.827
43.317
33.134
44.749
62.895
56.383
66.692
57.374
46.659
35.752
60.759
70.734
60.560
63.859
96.205
99.901
98.142
88.954
68.772
55.682
32.385
37.423
38.930
47.084
42.912
45.502
60.408
66.038
38.608
23.629
12.332
39.386
64.633
79.078
60.882
54.936
48.260
38.879
52.844
74.166
93.830
73.159
74.479
59.989
69.520
56.632
53.815
17.642
20.600
39.310
57.949
87.688
67.477
50.872
27.986
32.551
62.065
95.113
82.769
52.862
23.630
53.275
86.027
88.907
49.899
17.791
29.377
60.803
45.136
36.770
63.073
77.931
96.273
88.635
62.041
42.571
40.814
41.056
34.895
63.559
61.495
78.300
61.964
61.020
63.547
57.665
64.912
33.418
42.767
14.534
28.937
53.913
83.802
63.208
32.155
21.028
43.090
32.147
39.320
51.468
63.531
71.063
69.791
59.303
25.928
29.750
32.658
44.015
57.131
85.911
86.036
80.249
43.749
44.083
48.735
79.846
71.924
60.353
66.089
68.883
51.718
80.604
68.751
65.666
54.738
64.732
64.158
57.614
52.030
38.765
74.435
78.639
85.502
61.720
51.239
43.439
27.734
34.201
42.016
74.339
60.517
47.476
29.223
62.938
62.762
71.890
76.005
74.349
45.742
18.280
40.333
44.378
61.294
61.195
71.651
74.540
55.894
35.895
47.756
52.960
21.155
29.522
32.676
62.838
84.865
86.128
87.148
73.334
88.780
64.590
55.384
57.856
64.153
80.841
68.496
92.229
113.594
107.505
85.747
79.101
55.947
30.705
47.761
69.740
74.818
62.387
22.330
23.125
27.610
65.512
87.755
93.705
82.534
45.072
46.630
62.017
92.183
115.627
74.173
44.415
23.360
45.115
59.662
62.709
74.711
56.834
38.224
21.221
31.960
32.820
45.255
51.980
50.077
64.053
66.386
83.133
72.054
64.218
47.824
49.663
65.402
65.174
69.487
51.992
62.957
55.150
70.825
68.684
89.522
64.396
33.487
18.710
17.815
20.199
45.322
63.366
64.524
51.768
42.095
72.419
68.804
46.660
47.330
54.958
94.936
81.575
81.436
79.880
69.658
48.859
53.304
70.291
55.102
30.772
-4.571
25.038
48.913
67.350
38.705
21.456
24.822
37.777
54.937
70.291
105.308
97.347
93.150
58.043
26.973
21.512
17.594
39.866
42.528
27.009
56.737
63.090
47.781
49.322
47.310
74.963
61.691
51.806
51.348
67.886
83.666
75.710
71.737
74.392
74.827
65.405
36.820
45.429
56.507
62.045
76.482
53.968
74.438
69.751
76.807
58.583
30.619
30.366
49.472
76.838
74.380
33.136
4.749
49.015
63.121
90.356
61.099
54.356
57.288
53.732
78.270
77.087
80.690
62.266
66.228
87.305
84.141
95.346
70.423
72.187
68.823
54.273
51.549
52.851
49.690
55.709
61.138
65.265
60.891
57.114
52.523
56.446
50.319
91.701
72.012
54.671
31.219
73.904
66.744
68.132
58.547
69.129
84.875
96.927
78.989
63.486
27.063
33.963
34.959
50.579
32.013
44.574
30.215
45.842
34.854
35.568
59.136
80.636
98.217
104.487
76.513
78.877
47.172
58.865
49.960
45.557
53.985
75.232
93.355
85.141
70.353
66.798
68.876
74.596
71.858
77.841
47.968
40.801
23.291
44.415
80.280
82.345
72.195
67.134
37.815
29.322
40.786
20.816
14.911
42.723
86.167
96.280
89.642
75.110
73.271
61.019
59.024
48.225
69.761
94.675
112.061
85.068
46.998
54.935
73.151
83.701
61.351
57.778
42.242
57.109
80.835
109.065
105.278
60.352
43.126
75.713
77.013
67.333
71.163
83.986
115.391
87.225
51.626
51.703
45.818
51.717
48.815
73.090
84.948
85.026
64.498
72.168
128.024
133.543
102.038
39.892
21.570
31.740
45.584
56.200
85.423
104.637
90.448
48.148
55.067
63.151
46.133
48.123
69.464
46.498
26.455
26.659
63.147
68.002
51.879
55.633
55.476
68.743
49.305
29.787
43.415
63.995
87.339
70.692
48.104
61.694
48.291
69.769
84.915
100.573
73.190
42.066
34.716
29.389
29.181
49.626
74.553
64.162
63.411
65.900
92.446
93.273
93.951
82.169
83.897
54.208
44.703
44.302
54.420
65.734
75.456
78.989
67.914
48.309
61.772
72.912
60.286
46.920
22.023
34.854
46.313
53.894
78.489
62.654
68.411
91.012
109.320
92.039
48.005
17.165
21.481
34.501
42.734
46.143
52.370
66.298
50.848
38.832
38.450
50.335
86.272
90.400
56.380
43.755
55.802
68.909
48.555
68.194
57.897
70.363
64.090
75.379
94.553
95.269
71.556
68.559
55.978
60.367
38.120
28.131
37.108
60.173
46.064
50.985
42.148
72.707
68.993
51.071
42.938
36.956
67.728
73.272
70.777
67.155
50.116
31.372
39.721
40.078
36.678
52.288
72.624
59.949
40.702
26.960
67.970
93.601
85.033
70.547
40.126
32.701
40.611
64.092
70.184
69.189
63.871
59.531
53.410
47.980
55.282
66.770
72.197
50.364
30.542
41.251
79.597
90.033
71.461
57.022
39.007
63.548
72.209
65.510
51.149
42.584
69.692
72.541
72.227
68.768
56.070
56.204
59.679
42.857
45.917
50.595
65.069
65.380
66.533
83.055
62.952
49.057
53.018
71.644
80.858
111.148
108.654
104.057
70.057
42.238
33.574
55.276
75.050
81.082
67.090
53.082
48.118
63.804
81.559
64.658
64.091
50.364
62.596
59.103
84.079
74.551
69.210
65.765
54.060
51.208
47.479
48.527
46.563
67.679
65.018
71.197
67.643
47.362
50.453
34.399
54.965
52.754
60.806
39.981
44.767
65.544
64.443
50.978
51.691
67.227
37.071
61.362
75.018
95.444
74.391
33.731
39.048
43.898
68.250
64.241
66.422
50.618
63.046
48.294
83.862
114.223
132.606
117.501
81.365
75.446
65.305
41.204
57.636
82.575
89.017
53.070
31.108
11.888
44.584
39.762
55.955
43.403
32.174
39.858
49.062
73.674
54.778
40.055
4.640
-10.161
40.638
104.291
114.859
71.582
39.754
54.094
60.284
66.070
60.250
53.033
44.691
52.450
46.744
57.972
53.410
60.531
79.550
78.152
82.718
43.573
32.830
37.421
85.017
63.200
50.584
62.094
65.761
60.798
55.858
63.759
88.535
90.198
97.278
73.583
50.181
39.138
31.232
50.527
54.983
52.666
57.753
45.637
60.981
55.855
77.650
67.855
72.972
67.033
76.312
72.270
42.169
50.845
57.286
79.950
82.983
64.344
40.082
47.640
56.081
77.440
70.457
80.013
77.508
76.157
60.041
57.632
75.173
77.020
77.132
65.929
63.774
85.082
100.649
90.896
71.111
47.429
44.809
54.880
76.100
87.426
62.216
63.261
59.660
51.242
65.832
90.744
95.648
86.134
78.547
90.901
92.303
59.020
72.391
87.218
82.252
46.704
44.384
51.154
66.652
75.903
65.553
42.112
44.044
47.474
60.408
41.614
40.651
57.141
78.634
66.472
38.386
35.764
57.810
76.762
66.790
61.382
79.747
84.857
51.708
40.062
75.131
71.533
62.955
45.641
55.496
63.284
81.471
79.446
88.538
74.255
60.352
41.466
18.960
33.769
81.292
102.276
97.839
65.411
50.064
62.800
98.765
118.081
108.117
78.554
61.608
45.129
27.097
17.462
35.186
52.064
41.843
41.724
44.854
41.228
40.045
43.256
46.658
66.197
43.153
15.102
18.270
46.815
74.181
65.762
45.068
42.183
45.492
78.490
76.211
69.222
91.347
87.555
84.355
72.165
78.294
76.641
70.509
63.770
52.068
56.135
88.481
108.599
98.323
83.123
54.468
45.477
59.934
91.736
79.251
54.986
74.716
83.773
106.026
87.780
76.324
55.538
66.205
87.707
71.220
51.372
56.449
65.214
60.264
67.741
84.643
76.938
65.581
38.535
29.336
39.684
57.150
52.347
40.458
28.073
47.518
32.845
26.784
6.838
35.553
31.082
46.577
75.219
110.301
73.923
51.946
28.833
28.192
36.599
69.858
89.451
72.090
64.976
27.702
22.139
20.144
46.696
58.341
61.618
57.126
57.609
67.152
70.456
62.978
62.619
73.689
66.124
58.272
69.857
58.161
80.949
55.886
50.271
30.034
74.442
77.617
67.168
43.894
48.608
53.363
56.619
6.744
12.581
34.061
81.732
102.531
87.285
78.191
48.559
58.039
51.459
41.475
38.086
68.649
83.141
99.130
71.045
73.253
54.659
59.715
60.226
73.796
75.240
58.063
63.148
88.919
82.228
39.943
33.769
43.326
60.040
68.465
61.917
55.228
50.877
77.108
80.878
55.840
24.828
32.312
36.466
28.260
43.563
69.236
74.276
68.715
62.910
71.706
77.955
35.061
24.469
41.052
61.259
65.729
71.073
71.782
88.961
96.521
83.843
61.415
9.858
10.787
13.079
47.598
63.200
80.228
94.594
84.456
101.683
90.058
58.278
31.237
30.731
58.509
55.827
51.649
47.335
49.304
66.434
78.798
93.767
76.514
79.560
50.023
27.811
10.817
32.261
72.704
75.027
59.597
45.147
59.092
59.941
52.579
30.286
28.928
59.950
76.865
65.199
69.772
60.156
81.733
94.783
90.183
48.822
67.850
80.131
79.618
73.214
76.437
93.568
72.790
63.269
37.750
53.013
59.529
71.155
63.904
56.470
42.079
56.970
86.018
81.038
73.848
66.258
66.748
40.528
19.226
17.765
10.328
51.013
74.088
82.788
35.166
1.461
15.095
76.421
85.595
86.124
58.773
56.883
72.296
71.196
55.896
67.128
72.309
88.410
65.574
77.064
74.742
79.374
68.900
55.047
51.761
48.136
68.152
68.262
44.926
13.770
-1.272
33.844
44.856
62.463
62.612
65.298
68.058
67.597
26.239
18.966
39.064
90.354
117.628
79.941
46.910
14.258
53.399
85.284
96.365
78.270
81.374
92.859
101.652
89.457
65.475
64.025
74.752
73.102
58.691
67.805
94.492
81.291
58.897
50.912
65.631
62.555
85.160
87.067
87.863
93.993
77.080
63.011
32.829
35.827
26.163
52.041
68.709
72.102
61.213
66.334
51.845
53.705
63.450
45.818
53.122
30.917
41.937
31.204
66.586
57.851
35.612
31.351
41.970
37.736
48.909
29.097
25.443
25.025
58.758
91.340
105.534
84.797
28.200
25.136
63.096
104.141
101.681
59.121
34.208
65.356
61.052
43.350
47.059
55.869
47.935
65.350
78.171
75.030
42.997
67.665
76.521
98.187
92.446
72.344
48.618
64.594
94.212
66.048
54.161
46.070
45.589
51.093
37.142
38.976
33.835
40.806
49.918
44.306
71.715
82.757
107.342
86.459
60.509
71.019
66.392
63.259
62.735
48.297
59.331
68.325
92.627
96.435
99.735
79.436
51.167
72.281
56.241
36.142
36.215
78.222
93.630
94.334
44.675
28.544
6.325
41.944
38.954
33.457
42.415
74.418
81.305
78.331
72.943
65.745
43.766
49.467
66.689
87.729
84.151
53.769
53.172
56.622
58.690
51.166
42.222
61.467
47.945
35.926
31.455
71.589
98.947
68.233
65.265
79.499
70.178
19.383
11.914
52.688
103.070
86.326
87.853
39.991
33.710
28.916
68.112
96.330
104.904
64.270
56.960
62.229
47.919
13.001
32.524
56.139
54.228
43.799
52.449
63.419
42.793
66.794
87.637
86.065
60.419
54.028
42.494
52.124
37.282
45.129
34.034
29.904
62.560
77.850
81.874
35.982
22.538
40.202
66.597
41.635
38.554
50.559
87.210
75.880
30.428
7.093
9.855
51.368
30.505
29.548
55.938
79.137
90.934
50.412
18.774
42.565
68.326
80.420
50.284
45.412
34.037
63.149
109.274
116.798
80.599
12.761
-12.862
35.864
58.281
63.700
61.686
87.000
83.719
63.734
50.707
44.720
43.346
54.517
65.582
99.307
98.612
98.972
59.747
55.711
43.302
58.416
71.029
74.754
102.113
112.676
113.541
93.998
96.976
61.844
68.626
47.871
46.824
52.896
80.948
67.380
48.409
42.909
52.660
72.921
122.288
120.992
81.734
27.419
21.457
28.172
55.006
71.160
67.716
88.123
71.800
62.979
59.349
77.345
96.001
91.030
88.920
63.576
67.690
76.484
99.727
63.688
33.622
41.102
23.684
41.729
64.271
73.730
59.655
33.885
32.290
37.942
42.672
40.659
44.144
49.366
84.283
80.727
76.453
51.510
42.432
21.372
9.888
10.241
38.759
76.144
58.324
40.838
17.626
32.560
65.007
71.690
66.857
77.319
84.253
66.753
53.903
40.268
54.690
67.977
52.896
49.787
49.014
68.086
81.191
83.985
68.493
70.560
54.437
34.973
-11.799
4.530
25.520
63.333
40.741
31.963
43.777
48.631
60.987
52.479
56.559
65.110
82.345
80.371
56.976
40.322
53.332
50.481
51.554
45.518
52.637
43.295
20.864
35.804
68.571
57.154
53.666
65.786
86.027
73.465
44.884
41.398
55.086
67.356
63.899
43.694
49.255
63.665
74.771
70.703
86.964
73.132
82.014
59.107
72.961
85.284
80.194
89.160
83.457
63.535
43.410
59.894
84.729
69.018
51.640
49.236
52.484
90.531
93.123
82.055
75.834
64.715
76.122
45.042
36.927
54.341
93.922
83.047
50.740
45.734
47.670
53.662
66.573
63.205
32.981
10.071
25.786
26.538
38.055
26.969
66.697
107.550
91.976
67.953
35.112
38.706
73.897
77.799
67.463
38.263
57.940
20.872
20.767
28.935
49.722
71.067
88.526
65.017
80.476
53.342
73.935
67.712
63.676
48.519
47.949
58.835
51.181
47.743
39.005
31.188
28.071
25.524
36.108
56.618
69.576
98.038
57.713
51.314
45.039
73.663
84.639
75.366
64.950
47.126
57.629
35.002
51.640
56.668
61.221
53.089
50.770
74.917
124.487
133.635
93.252
63.135
62.333
55.203
34.143
33.553
60.684
51.204
38.601
46.288
63.263
89.723
62.128
85.487
55.957
26.793
17.948
24.792
48.582
56.424
60.584
47.858
54.233
55.110
76.771
71.825
52.932
19.999
24.565
26.914
27.258
45.174
35.453
65.789
71.252
75.555
47.601
54.339
60.530
57.529
55.395
32.638
15.591
9.585
39.738
62.743
85.680
65.456
64.263
56.639
47.856
52.268
56.776
54.749
53.612
54.100
57.319
52.569
35.322
40.738
40.361
38.311
40.105
61.801
74.489
64.486
46.709
55.274
29.120
45.821
26.317
23.358
22.826
76.341
116.176
116.567
87.894
36.017
31.612
35.090
43.709
51.774
51.968
70.252
42.563
42.727
32.804
43.883
55.920
48.187
52.762
51.765
50.295
44.817
47.240
44.745
51.052
52.309
49.730
74.537
84.138
74.594
59.685
40.261
38.797
41.601
36.298
49.669
51.076
54.475
45.914
93.110
87.939
46.935
0.988
26.754
78.654
82.946
85.775
81.017
74.149
57.461
53.933
70.653
79.517
63.729
50.412
77.992
88.501
93.458
80.261
73.384
65.636
73.280
81.330
79.815
57.898
55.075
55.908
57.549
95.132
72.372
74.689
45.367
53.675
91.752
82.901
58.671
39.111
36.830
61.873
60.681
72.071
46.812
20.483
20.961
20.811
64.386
52.929
41.537
41.661
48.742
37.245
67.433
62.802
63.179
47.671
63.869
75.549
61.776
47.881
43.651
64.508
53.850
81.445
67.635
65.763
36.360
22.679
20.624
26.376
39.366
38.755
58.687
54.512
45.375
37.699
62.170
76.220
73.104
40.511
20.882
13.082
54.417
81.253
72.108
47.204
30.700
29.805
50.173
59.092
94.318
106.844
112.726
94.556
66.455
60.919
54.208
81.587
85.529
82.418
66.969
84.612
61.244
79.521
68.353
49.887
27.874
12.100
42.122
45.906
59.889
74.871
68.811
57.597
30.912
32.563
82.353
106.852
92.052
52.539
41.673
51.903
56.058
65.574
51.535
38.105
44.829
41.236
61.026
63.568
41.490
38.093
22.021
50.019
57.054
93.282
102.290
74.370
22.094
6.746
13.065
68.400
83.241
94.546
70.021
57.227
51.209
71.840
79.854
59.122
70.503
66.549
62.085
10.795
24.679
47.789
73.655
63.667
48.639
42.732
56.784
74.374
71.852
76.803
68.444
57.470
53.843
37.317
46.722
31.526
28.497
7.907
25.034
70.235
86.237
87.216
101.854
99.195
70.428
38.514
38.524
43.910
46.163
64.772
86.076
60.804
34.461
25.665
54.636
85.342
124.228
101.145
66.422
51.259
47.349
52.478
47.868
16.475
24.479
40.041
82.225
83.155
55.073
37.774
12.905
12.361
39.709
61.235
82.922
46.775
37.057
32.475
65.870
83.610
89.771
96.883
77.841
82.644
55.581
37.039
45.509
39.031
57.209
60.408
83.392
76.961
68.366
65.377
55.039
43.936
51.323
60.592
60.098
55.071
78.512
75.098
61.018
23.920
29.225
55.591
85.077
83.773
83.209
81.697
90.335
92.517
101.524
82.772
46.285
44.384
65.351
99.827
109.257
117.259
101.021
80.291
40.306
40.359
41.866
59.460
62.974
71.363
66.652
75.749
31.838
31.903
56.807
106.935
111.749
110.019
85.661
68.233
62.431
62.206
51.452
41.514
30.091
49.371
61.576
63.342
49.937
56.562
73.614
60.070
33.513
45.581
42.377
60.737
83.163
111.270
107.438
90.586
101.022
55.782
34.751
41.853
60.807
84.880
76.576
70.898
55.597
46.822
41.626
52.612
50.083
68.135
78.131
93.578
64.322
26.264
23.579
86.373
122.457
98.455
66.694
62.651
47.759
66.068
64.642
67.970
58.792
74.501
64.463
34.556
33.989
19.927
33.814
61.633
86.778
97.994
88.755
107.953
84.844
72.498
48.496
65.450
67.582
92.211
75.482
85.139
80.354
75.356
69.826
67.239
70.646
62.868
48.631
42.641
25.028
47.980
43.217
51.200
60.212
80.790
53.793
41.784
48.788
66.168
87.574
68.737
29.361
34.422
44.756
37.811
34.636
63.101
60.835
91.161
70.411
67.495
35.204
41.173
48.933
39.663
82.895
81.385
71.366
62.885
90.574
107.900
72.709
51.601
19.332
46.008
35.680
37.544
40.006
62.300
66.925
85.427
89.549
90.470
54.661
68.131
57.748
87.162
106.912
107.562
96.070
27.127
15.824
43.766
88.766
71.842
49.245
6.393
26.833
20.701
60.050
84.392
83.028
73.226
57.128
61.138
44.013
54.960
36.041
17.845
22.255
43.067
66.676
59.363
83.321
83.167
80.695
65.769
74.719
81.082
81.229
79.514
44.128
12.289
17.342
42.729
72.116
73.751
76.196
49.864
45.727
29.017
47.648
30.579
46.143
31.999
40.486
59.966
75.701
50.747
30.704
14.025
10.599
31.569
62.350
82.569
84.936
72.174
58.261
37.726
34.827
26.587
29.051
43.411
57.418
108.563
85.027
65.053
22.556
28.095
38.855
68.407
67.690
61.231
47.796
31.138
28.518
36.137
54.506
71.354
68.814
59.323
29.174
40.979
44.101
69.236
87.920
83.043
53.463
40.894
52.865
60.786
53.525
59.145
70.392
67.590
36.413
39.880
40.908
59.150
63.222
38.779
37.994
53.360
79.203
79.152
39.496
50.249
65.118
60.449
38.815
41.684
66.485
67.740
73.837
41.302
25.879
0.966
11.804
58.744
111.075
111.752
72.607
43.759
51.012
40.056
36.267
61.858
62.047
50.883
42.676
57.097
57.208
57.748
65.658
97.565
91.010
72.932
76.089
67.263
44.003
39.364
66.068
84.134
75.927
40.404
35.307
63.363
60.734
53.796
41.606
41.803
53.055
66.750
77.076
57.377
25.926
31.532
43.112
86.354
113.491
131.343
87.044
63.853
63.024
81.651
72.157
78.668
71.660
69.929
37.976
46.743
51.771
70.480
70.995
70.275
63.279
70.728
66.314
42.142
45.775
43.229
36.581
24.081
41.308
58.152
35.964
28.381
55.275
69.506
66.754
70.846
82.789
93.814
39.580
51.858
66.390
118.764
91.280
41.573
23.191
35.949
67.948
88.038
81.902
64.052
60.293
58.130
55.266
68.504
89.487
102.063
82.168
31.604
21.484
26.242
49.456
49.077
54.020
42.151
29.097
53.628
54.916
61.268
68.701
86.105
92.733
81.891
77.384
87.629
87.280
47.943
26.917
43.757
56.869
85.738
79.155
73.524
75.165
69.852
67.522
72.183
50.349
42.313
54.955
70.199
92.172
59.222
24.346
32.171
68.038
80.534
75.229
73.855
58.998
43.227
44.738
69.353
59.798
51.132
43.870
60.487
65.942
57.616
71.128
64.287
58.820
28.443
24.128
45.801
69.835
83.071
81.728
101.480
79.700
40.179
11.778
18.146
30.552
49.398
77.888
104.835
101.236
108.623
82.405
42.487
43.907
29.911
34.185
46.068
62.267
65.173
42.543
42.070
64.816
76.173
59.799
30.936
22.337
44.721
67.918
62.070
23.235
28.927
35.002
65.864
57.526
43.997
43.711
88.150
106.966
94.107
70.438
33.591
18.000
-7.064
43.952
92.217
109.301
84.904
38.471
30.103
67.008
86.472
72.883
28.179
47.153
62.326
48.602
25.735
13.992
34.869
56.744
61.047
70.858
69.096
82.754
69.690
105.842
88.300
61.369
23.916
29.438
24.231
43.741
27.778
43.377
31.883
41.147
57.149
101.889
84.843
62.783
34.429
31.355
32.558
58.060
62.776
96.691
94.531
68.431
41.126
29.437
55.983
43.861
28.617
22.013
52.481
87.784
108.215
98.602
74.053
68.282
47.898
21.639
30.978
37.330
54.222
58.435
67.483
80.157
87.516
81.109
60.767
53.245
46.159
49.429
91.478
98.495
91.915
54.798
61.986
75.370
89.291
80.192
81.509
90.361
86.618
69.694
69.202
53.994
42.838
41.309
28.302
50.593
46.749
50.597
46.268
55.083
56.342
57.031
56.731
52.980
43.291
62.185
39.478
39.428
34.739
59.431
45.786
39.754
41.359
71.554
82.621
59.079
38.958
53.515
50.689
53.007
50.902
54.258
95.765
89.305
83.310
48.845
54.881
71.311
68.157
59.595
40.316
29.290
52.864
59.441
30.517
50.596
52.999
63.508
77.853
78.030
69.589
37.614
14.956
24.551
52.484
74.411
66.351
58.053
28.753
40.901
54.828
97.787
92.800
62.995
42.775
41.600
60.723
66.456
48.076
20.229
30.660
71.927
87.926
89.271
85.671
80.201
56.735
50.081
70.215
85.576
89.573
66.876
53.022
48.113
54.333
76.320
43.479
38.755
39.330
40.130
55.172
50.605
53.105
78.440
97.791
98.643
80.193
61.741
84.211
94.452
75.275
33.644
37.390
53.096
46.515
50.366
51.438
69.308
74.368
62.482
64.026
54.841
51.363
42.774
65.668
68.865
87.520
102.642
82.934
19.564
23.295
41.571
55.825
44.217
40.902
69.778
79.704
94.095
85.914
69.459
50.342
56.061
74.638
91.284
77.449
65.110
64.730
60.851
42.636
29.218
35.956
62.211
90.043
67.000
43.616
32.512
59.771
63.482
56.785
30.639
43.516
54.164
56.033
49.785
68.245
59.911
45.196
58.349
70.666
83.387
76.976
68.342
55.310
64.418
83.979
98.659
67.111
68.070
58.004
52.462
44.621
62.654
79.124
73.002
73.235
68.934
58.464
41.949
49.928
58.862
44.988
54.944
53.930
85.083
60.093
51.121
34.507
33.408
36.518
74.273
86.482
68.782
23.705
-0.300
13.045
34.458
52.588
26.973
30.239
57.784
100.964
69.212
36.651
16.893
41.331
41.888
74.471
77.600
74.692
81.890
77.331
76.624
52.342
29.727
24.662
72.569
98.289
95.668
54.860
56.140
40.566
26.036
21.179
69.455
114.958
101.373
59.722
16.325
26.748
50.294
79.429
90.985
77.697
70.941
52.065
59.647
53.377
64.230
68.659
70.268
75.767
47.699
28.216
27.426
27.595
37.428
42.720
74.998
81.618
90.170
79.003
61.289
53.646
64.848
87.615
81.481
43.617
8.302
15.192
9.921
58.614
81.862
79.959
43.675
51.188
46.628
40.567
28.558
43.911
67.988
91.440
99.498
83.492
79.403
58.871
28.867
17.788
23.701
38.567
37.938
40.624
58.987
93.216
67.248
32.756
13.629
47.441
65.766
59.521
61.827
77.139
79.077
56.400
50.348
50.954
55.813
49.463
65.446
73.239
87.384
95.733
91.088
66.572
66.790
71.990
110.602
103.477
92.786
70.440
60.547
52.900
57.682
68.989
87.025
85.159
65.816
48.238
28.932
62.102
66.101
83.639
74.634
74.004
62.906
46.955
32.570
64.741
79.169
95.511
97.311
78.643
67.673
57.895
43.620
41.221
56.524
61.238
56.700
50.216
85.156
62.215
60.596
46.561
49.037
47.039
61.867
79.145
80.322
84.602
92.349
94.982
70.537
61.510
64.382
56.719
30.478
2.123
20.879
53.302
55.859
68.472
68.828
90.607
85.683
58.751
51.723
63.256
64.460
39.078
36.909
34.619
66.156
65.827
91.393
50.806
45.280
62.822
66.959
60.700
44.974
41.566
51.914
41.228
45.403
57.678
65.293
50.120
60.365
75.989
64.673
34.252
17.968
43.410
67.681
85.687
71.869
47.895
55.338
55.190
64.000
37.546
32.066
54.864
61.388
74.918
33.714
25.939
30.787
80.368
71.984
71.954
73.944
66.674
53.100
49.141
35.928
35.811
62.153
84.155
79.619
64.563
65.291
77.378
66.752
80.035
93.242
98.477
66.089
34.152
29.043
46.565
36.236
48.138
73.696
92.874
72.020
42.577
43.578
53.563
69.086
76.363
88.368
63.039
54.454
45.265
53.814
69.920
86.643
101.746
92.441
71.910
52.801
25.533
51.483
60.619
77.609
77.373
54.569
33.876
57.494
77.871
72.075
54.296
66.341
85.812
61.507
70.620
81.011
82.841
48.839
53.970
68.368
55.069
42.550
88.679
101.361
77.926
33.191
58.446
86.106
109.268
91.131
88.537
60.853
55.599
55.952
83.470
87.065
66.858
52.461
27.575
2.958
28.303
51.137
66.005
72.119
90.525
93.752
105.461
93.968
81.476
65.952
41.228
54.873
26.458
27.460
35.042
47.282
49.373
78.070
99.555
82.338
51.710
23.955
45.233
57.184
38.329
36.058
52.295
83.594
80.604
62.712
80.516
81.241
85.935
60.430
64.078
41.314
37.986
24.887
32.551
64.278
68.234
76.793
87.747
84.404
85.007
77.436
72.630
73.784
94.645
79.962
50.499
22.778
48.607
83.153
80.675
33.802
14.008
38.483
64.352
73.406
58.260
68.670
73.680
81.341
72.863
72.118
72.492
55.071
54.862
67.292
90.489
89.731
60.181
34.653
30.571
49.626
61.024
48.059
29.650
5.694
-20.839
3.488
74.306
128.174
99.495
63.191
24.315
15.867
13.245
33.505
51.413
66.482
76.600
68.263
61.287
40.391
24.541
11.615
40.369
57.353
40.795
35.411
26.761
69.147
69.414
79.364
81.466
64.345
55.375
58.488
68.211
72.637
47.065
51.546
48.720
63.861
76.667
86.049
81.987
77.523
77.888
92.929
83.077
71.165
71.149
62.826
40.098
43.552
51.968
46.409
52.538
78.766
62.178
66.263
22.511
26.161
61.903
80.378
78.122
70.656
42.986
42.095
47.018
89.323
72.099
54.269
28.978
26.307
56.476
71.453
66.420
47.366
38.632
40.856
32.866
38.357
44.376
46.058
53.245
62.159
58.937
54.233
84.759
119.065
92.411
47.174
15.564
47.394
62.167
72.127
91.989
88.435
85.354
73.613
59.165
68.397
55.211
75.568
62.924
55.344
32.564
26.493
33.759
15.455
25.198
34.641
68.467
79.869
65.775
47.535
42.249
73.554
68.710
52.893
26.709
15.360
36.825
59.832
90.159
98.996
119.490
97.085
68.916
29.523
43.246
59.432
79.831
56.964
54.626
56.871
67.341
55.574
69.197
99.681
82.024
71.468
14.452
31.424
18.966
36.241
25.544
39.263
63.947
47.990
40.454
33.493
73.726
88.038
65.265
40.326
62.378
86.722
72.181
49.937
41.660
44.867
28.080
25.072
59.453
72.534
70.437
59.195
90.872
91.010
93.788
63.252
51.243
48.010
45.206
48.059
65.628
60.966
58.623
63.949
57.148
71.285
69.337
67.164
29.300
23.953
43.530
90.718
101.305
100.800
59.610
44.596
61.014
61.377
74.226
77.078
80.620
64.450
40.857
66.546
84.677
90.052
64.437
53.558
55.758
67.266
78.437
62.628
33.424
32.801
23.358
35.794
39.183
62.040
96.318
66.343
82.905
68.391
77.173
42.010
54.606
61.389
69.118
33.909
33.367
57.050
71.702
85.608
91.443
74.014
80.906
72.836
71.176
60.760
59.729
22.600
21.798
17.013
67.372
101.480
112.514
82.409
43.547
27.599
67.185
72.991
36.716
37.674
74.039
115.789
114.678
102.873
78.344
32.570
26.214
49.090
69.294
66.442
44.461
29.964
64.791
106.124
104.716
80.090
43.467
51.263
83.669
68.352
61.895
59.220
76.075
96.450
115.770
95.561
78.384
60.829
51.048
53.672
67.350
75.370
